<?xml version="1.0" encoding="UTF-8"?>
<COLLADA xmlns="http://www.collada.org/2005/11/COLLADASchema" version="1.4.1">
	<asset>
		<contributor>
			<author>Admin Diamond</author>
			<authoring_tool>Firestorm-FireAndIceGrid 6.3.6.57941</authoring_tool>
		</contributor>
		<created>2020-01-25T18:59:07</created>
		<modified>2020-01-25T18:59:07</modified>
		<unit/>
		<up_axis>Z_UP</up_axis>
	</asset>
	<library_images>
		<image id="ApplyAllButtonAlpha_png" name="ApplyAllButtonAlpha_png" height="0" width="0">
			<init_from>ApplyAllButtonAlpha.png</init_from>
		</image>
		<image id="Covey_Blue_Eyes_png" name="Covey_Blue_Eyes_png" height="0" width="0">
			<init_from>Covey_Blue_Eyes.png</init_from>
		</image>
		<image id="lower_7aa88f70-4ff8-4973-b957-f8c63bd61b55_png" name="lower_7aa88f70-4ff8-4973-b957-f8c63bd61b55_png" height="0" width="0">
			<init_from>lower_7aa88f70-4ff8-4973-b957-f8c63bd61b55.png</init_from>
		</image>
		<image id="face_648902b5-2681-4a1d-a3b6-36439c96f4ac_png" name="face_648902b5-2681-4a1d-a3b6-36439c96f4ac_png" height="0" width="0">
			<init_from>face_648902b5-2681-4a1d-a3b6-36439c96f4ac.png</init_from>
		</image>
		<image id="upper_bab63e94-dd4b-4264-a367-432e67aa2791_png" name="upper_bab63e94-dd4b-4264-a367-432e67aa2791_png" height="0" width="0">
			<init_from>upper_bab63e94-dd4b-4264-a367-432e67aa2791.png</init_from>
		</image>
		<image id="BakesOnMeshButtonAlpha_png" name="BakesOnMeshButtonAlpha_png" height="0" width="0">
			<init_from>BakesOnMeshButtonAlpha.png</init_from>
		</image>
		<image id="R2Logo400x400white_png" name="R2Logo400x400white_png" height="0" width="0">
			<init_from>R2Logo400x400white.png</init_from>
		</image>
		<image id="CoveyRuthRothModAlpha_png" name="CoveyRuthRothModAlpha_png" height="0" width="0">
			<init_from>CoveyRuthRothModAlpha.png</init_from>
		</image>
	</library_images>
	<library_geometries>
		<geometry id="prim0-mesh">
			<mesh>
				<source id="prim0-positions">
					<float_array id="prim0-positions-array" count="12">0.5 0 0.5 -0.5 0 -0.5 0.5 0 -0.5 -0.5 0 0.5</float_array>
					<technique_common>
						<accessor count="4" source="#prim0-positions-array" stride="3">
							<param name="X" type="float"/>
							<param name="Y" type="float"/>
							<param name="Z" type="float"/>
						</accessor>
					</technique_common>
				</source>
				<source id="prim0-normals">
					<float_array id="prim0-normals-array" count="12">-1.52551e-005 -0.999756 -1.52551e-005 -1.52551e-005 -0.999756 -1.52551e-005 -1.52551e-005 -0.999756 -1.52551e-005 -1.52551e-005 -0.999756 -1.52551e-005</float_array>
					<technique_common>
						<accessor count="4" source="#prim0-normals-array" stride="3">
							<param name="X" type="float"/>
							<param name="Y" type="float"/>
							<param name="Z" type="float"/>
						</accessor>
					</technique_common>
				</source>
				<source id="prim0-map0">
					<float_array id="prim0-map0-array" count="8">1 1 0 0 1 0 0 1</float_array>
					<technique_common>
						<accessor count="4" source="#prim0-map0-array" stride="2">
							<param name="S" type="float"/>
							<param name="T" type="float"/>
						</accessor>
					</technique_common>
				</source>
				<vertices id="prim0-vertices">
					<input semantic="POSITION" source="#prim0-positions"/>
				</vertices>
				<polylist count="2" material="Material0-material">
					<input offset="0" semantic="VERTEX" source="#prim0-vertices" set="0"/>
					<input offset="0" semantic="NORMAL" source="#prim0-normals" set="0"/>
					<input offset="0" semantic="TEXCOORD" source="#prim0-map0" set="0"/>
					<vcount>3 3</vcount>
					<p>0 1 2 0 3 1</p>
				</polylist>
			</mesh>
		</geometry>
		<geometry id="prim1-mesh">
			<mesh>
				<source id="prim1-positions">
					<float_array id="prim1-positions-array" count="12">0.5 0 0.5 -0.5 0 -0.5 0.5 0 -0.5 -0.5 0 0.5</float_array>
					<technique_common>
						<accessor count="4" source="#prim1-positions-array" stride="3">
							<param name="X" type="float"/>
							<param name="Y" type="float"/>
							<param name="Z" type="float"/>
						</accessor>
					</technique_common>
				</source>
				<source id="prim1-normals">
					<float_array id="prim1-normals-array" count="12">-1.52551e-005 -0.999756 -1.52551e-005 -1.52551e-005 -0.999756 -1.52551e-005 -1.52551e-005 -0.999756 -1.52551e-005 -1.52551e-005 -0.999756 -1.52551e-005</float_array>
					<technique_common>
						<accessor count="4" source="#prim1-normals-array" stride="3">
							<param name="X" type="float"/>
							<param name="Y" type="float"/>
							<param name="Z" type="float"/>
						</accessor>
					</technique_common>
				</source>
				<source id="prim1-map0">
					<float_array id="prim1-map0-array" count="8">1 1 0 0 1 0 0 1</float_array>
					<technique_common>
						<accessor count="4" source="#prim1-map0-array" stride="2">
							<param name="S" type="float"/>
							<param name="T" type="float"/>
						</accessor>
					</technique_common>
				</source>
				<vertices id="prim1-vertices">
					<input semantic="POSITION" source="#prim1-positions"/>
				</vertices>
				<polylist count="2" material="Material1-material">
					<input offset="0" semantic="VERTEX" source="#prim1-vertices" set="0"/>
					<input offset="0" semantic="NORMAL" source="#prim1-normals" set="0"/>
					<input offset="0" semantic="TEXCOORD" source="#prim1-map0" set="0"/>
					<vcount>3 3</vcount>
					<p>0 1 2 0 3 1</p>
				</polylist>
			</mesh>
		</geometry>
		<geometry id="prim2-mesh">
			<mesh>
				<source id="prim2-positions">
					<float_array id="prim2-positions-array" count="12">0.5 0 0.5 -0.5 0 -0.5 0.5 0 -0.5 -0.5 0 0.5</float_array>
					<technique_common>
						<accessor count="4" source="#prim2-positions-array" stride="3">
							<param name="X" type="float"/>
							<param name="Y" type="float"/>
							<param name="Z" type="float"/>
						</accessor>
					</technique_common>
				</source>
				<source id="prim2-normals">
					<float_array id="prim2-normals-array" count="12">-1.52551e-005 -0.999756 -1.52551e-005 -1.52551e-005 -0.999756 -1.52551e-005 -1.52551e-005 -0.999756 -1.52551e-005 -1.52551e-005 -0.999756 -1.52551e-005</float_array>
					<technique_common>
						<accessor count="4" source="#prim2-normals-array" stride="3">
							<param name="X" type="float"/>
							<param name="Y" type="float"/>
							<param name="Z" type="float"/>
						</accessor>
					</technique_common>
				</source>
				<source id="prim2-map0">
					<float_array id="prim2-map0-array" count="8">1 1 0 0 1 0 0 1</float_array>
					<technique_common>
						<accessor count="4" source="#prim2-map0-array" stride="2">
							<param name="S" type="float"/>
							<param name="T" type="float"/>
						</accessor>
					</technique_common>
				</source>
				<vertices id="prim2-vertices">
					<input semantic="POSITION" source="#prim2-positions"/>
				</vertices>
				<polylist count="2" material="Material1-material">
					<input offset="0" semantic="VERTEX" source="#prim2-vertices" set="0"/>
					<input offset="0" semantic="NORMAL" source="#prim2-normals" set="0"/>
					<input offset="0" semantic="TEXCOORD" source="#prim2-map0" set="0"/>
					<vcount>3 3</vcount>
					<p>0 1 2 0 3 1</p>
				</polylist>
			</mesh>
		</geometry>
		<geometry id="prim3-mesh">
			<mesh>
				<source id="prim3-positions">
					<float_array id="prim3-positions-array" count="12">0.5 0 0.5 -0.5 0 -0.5 0.5 0 -0.5 -0.5 0 0.5</float_array>
					<technique_common>
						<accessor count="4" source="#prim3-positions-array" stride="3">
							<param name="X" type="float"/>
							<param name="Y" type="float"/>
							<param name="Z" type="float"/>
						</accessor>
					</technique_common>
				</source>
				<source id="prim3-normals">
					<float_array id="prim3-normals-array" count="12">-1.52551e-005 -0.999756 -1.52551e-005 -1.52551e-005 -0.999756 -1.52551e-005 -1.52551e-005 -0.999756 -1.52551e-005 -1.52551e-005 -0.999756 -1.52551e-005</float_array>
					<technique_common>
						<accessor count="4" source="#prim3-normals-array" stride="3">
							<param name="X" type="float"/>
							<param name="Y" type="float"/>
							<param name="Z" type="float"/>
						</accessor>
					</technique_common>
				</source>
				<source id="prim3-map0">
					<float_array id="prim3-map0-array" count="8">1 1 0 0 1 0 0 1</float_array>
					<technique_common>
						<accessor count="4" source="#prim3-map0-array" stride="2">
							<param name="S" type="float"/>
							<param name="T" type="float"/>
						</accessor>
					</technique_common>
				</source>
				<vertices id="prim3-vertices">
					<input semantic="POSITION" source="#prim3-positions"/>
				</vertices>
				<polylist count="2" material="Material2-material">
					<input offset="0" semantic="VERTEX" source="#prim3-vertices" set="0"/>
					<input offset="0" semantic="NORMAL" source="#prim3-normals" set="0"/>
					<input offset="0" semantic="TEXCOORD" source="#prim3-map0" set="0"/>
					<vcount>3 3</vcount>
					<p>0 1 2 0 3 1</p>
				</polylist>
			</mesh>
		</geometry>
		<geometry id="prim4-mesh">
			<mesh>
				<source id="prim4-positions">
					<float_array id="prim4-positions-array" count="12">0.5 0 0.5 -0.5 0 -0.5 0.5 0 -0.5 -0.5 0 0.5</float_array>
					<technique_common>
						<accessor count="4" source="#prim4-positions-array" stride="3">
							<param name="X" type="float"/>
							<param name="Y" type="float"/>
							<param name="Z" type="float"/>
						</accessor>
					</technique_common>
				</source>
				<source id="prim4-normals">
					<float_array id="prim4-normals-array" count="12">-1.52551e-005 -0.999756 -1.52551e-005 -1.52551e-005 -0.999756 -1.52551e-005 -1.52551e-005 -0.999756 -1.52551e-005 -1.52551e-005 -0.999756 -1.52551e-005</float_array>
					<technique_common>
						<accessor count="4" source="#prim4-normals-array" stride="3">
							<param name="X" type="float"/>
							<param name="Y" type="float"/>
							<param name="Z" type="float"/>
						</accessor>
					</technique_common>
				</source>
				<source id="prim4-map0">
					<float_array id="prim4-map0-array" count="8">1 1 0 0 1 0 0 1</float_array>
					<technique_common>
						<accessor count="4" source="#prim4-map0-array" stride="2">
							<param name="S" type="float"/>
							<param name="T" type="float"/>
						</accessor>
					</technique_common>
				</source>
				<vertices id="prim4-vertices">
					<input semantic="POSITION" source="#prim4-positions"/>
				</vertices>
				<polylist count="2" material="Material3-material">
					<input offset="0" semantic="VERTEX" source="#prim4-vertices" set="0"/>
					<input offset="0" semantic="NORMAL" source="#prim4-normals" set="0"/>
					<input offset="0" semantic="TEXCOORD" source="#prim4-map0" set="0"/>
					<vcount>3 3</vcount>
					<p>0 1 2 0 3 1</p>
				</polylist>
			</mesh>
		</geometry>
		<geometry id="prim5-mesh">
			<mesh>
				<source id="prim5-positions">
					<float_array id="prim5-positions-array" count="12">0.5 0 0.5 -0.5 0 -0.5 0.5 0 -0.5 -0.5 0 0.5</float_array>
					<technique_common>
						<accessor count="4" source="#prim5-positions-array" stride="3">
							<param name="X" type="float"/>
							<param name="Y" type="float"/>
							<param name="Z" type="float"/>
						</accessor>
					</technique_common>
				</source>
				<source id="prim5-normals">
					<float_array id="prim5-normals-array" count="12">-1.52551e-005 -0.999756 -1.52551e-005 -1.52551e-005 -0.999756 -1.52551e-005 -1.52551e-005 -0.999756 -1.52551e-005 -1.52551e-005 -0.999756 -1.52551e-005</float_array>
					<technique_common>
						<accessor count="4" source="#prim5-normals-array" stride="3">
							<param name="X" type="float"/>
							<param name="Y" type="float"/>
							<param name="Z" type="float"/>
						</accessor>
					</technique_common>
				</source>
				<source id="prim5-map0">
					<float_array id="prim5-map0-array" count="8">1 1 0 0 1 0 0 1</float_array>
					<technique_common>
						<accessor count="4" source="#prim5-map0-array" stride="2">
							<param name="S" type="float"/>
							<param name="T" type="float"/>
						</accessor>
					</technique_common>
				</source>
				<vertices id="prim5-vertices">
					<input semantic="POSITION" source="#prim5-positions"/>
				</vertices>
				<polylist count="2" material="Material4-material">
					<input offset="0" semantic="VERTEX" source="#prim5-vertices" set="0"/>
					<input offset="0" semantic="NORMAL" source="#prim5-normals" set="0"/>
					<input offset="0" semantic="TEXCOORD" source="#prim5-map0" set="0"/>
					<vcount>3 3</vcount>
					<p>0 1 2 0 3 1</p>
				</polylist>
			</mesh>
		</geometry>
		<geometry id="prim6-mesh">
			<mesh>
				<source id="prim6-positions">
					<float_array id="prim6-positions-array" count="12">0.5 0 0.5 -0.5 0 -0.5 0.5 0 -0.5 -0.5 0 0.5</float_array>
					<technique_common>
						<accessor count="4" source="#prim6-positions-array" stride="3">
							<param name="X" type="float"/>
							<param name="Y" type="float"/>
							<param name="Z" type="float"/>
						</accessor>
					</technique_common>
				</source>
				<source id="prim6-normals">
					<float_array id="prim6-normals-array" count="12">-1.52551e-005 -0.999756 -1.52551e-005 -1.52551e-005 -0.999756 -1.52551e-005 -1.52551e-005 -0.999756 -1.52551e-005 -1.52551e-005 -0.999756 -1.52551e-005</float_array>
					<technique_common>
						<accessor count="4" source="#prim6-normals-array" stride="3">
							<param name="X" type="float"/>
							<param name="Y" type="float"/>
							<param name="Z" type="float"/>
						</accessor>
					</technique_common>
				</source>
				<source id="prim6-map0">
					<float_array id="prim6-map0-array" count="8">1 1 0 0 1 0 0 1</float_array>
					<technique_common>
						<accessor count="4" source="#prim6-map0-array" stride="2">
							<param name="S" type="float"/>
							<param name="T" type="float"/>
						</accessor>
					</technique_common>
				</source>
				<vertices id="prim6-vertices">
					<input semantic="POSITION" source="#prim6-positions"/>
				</vertices>
				<polylist count="2" material="Material0-material">
					<input offset="0" semantic="VERTEX" source="#prim6-vertices" set="0"/>
					<input offset="0" semantic="NORMAL" source="#prim6-normals" set="0"/>
					<input offset="0" semantic="TEXCOORD" source="#prim6-map0" set="0"/>
					<vcount>3 3</vcount>
					<p>0 1 2 0 3 1</p>
				</polylist>
			</mesh>
		</geometry>
		<geometry id="prim7-mesh">
			<mesh>
				<source id="prim7-positions">
					<float_array id="prim7-positions-array" count="12">0.5 0 0.5 -0.5 0 -0.5 0.5 0 -0.5 -0.5 0 0.5</float_array>
					<technique_common>
						<accessor count="4" source="#prim7-positions-array" stride="3">
							<param name="X" type="float"/>
							<param name="Y" type="float"/>
							<param name="Z" type="float"/>
						</accessor>
					</technique_common>
				</source>
				<source id="prim7-normals">
					<float_array id="prim7-normals-array" count="12">-1.52551e-005 -0.999756 -1.52551e-005 -1.52551e-005 -0.999756 -1.52551e-005 -1.52551e-005 -0.999756 -1.52551e-005 -1.52551e-005 -0.999756 -1.52551e-005</float_array>
					<technique_common>
						<accessor count="4" source="#prim7-normals-array" stride="3">
							<param name="X" type="float"/>
							<param name="Y" type="float"/>
							<param name="Z" type="float"/>
						</accessor>
					</technique_common>
				</source>
				<source id="prim7-map0">
					<float_array id="prim7-map0-array" count="8">1 1 0 0 1 0 0 1</float_array>
					<technique_common>
						<accessor count="4" source="#prim7-map0-array" stride="2">
							<param name="S" type="float"/>
							<param name="T" type="float"/>
						</accessor>
					</technique_common>
				</source>
				<vertices id="prim7-vertices">
					<input semantic="POSITION" source="#prim7-positions"/>
				</vertices>
				<polylist count="2" material="Material1-material">
					<input offset="0" semantic="VERTEX" source="#prim7-vertices" set="0"/>
					<input offset="0" semantic="NORMAL" source="#prim7-normals" set="0"/>
					<input offset="0" semantic="TEXCOORD" source="#prim7-map0" set="0"/>
					<vcount>3 3</vcount>
					<p>0 1 2 0 3 1</p>
				</polylist>
			</mesh>
		</geometry>
		<geometry id="prim8-mesh">
			<mesh>
				<source id="prim8-positions">
					<float_array id="prim8-positions-array" count="12">0.5 0 0.5 -0.5 0 -0.5 0.5 0 -0.5 -0.5 0 0.5</float_array>
					<technique_common>
						<accessor count="4" source="#prim8-positions-array" stride="3">
							<param name="X" type="float"/>
							<param name="Y" type="float"/>
							<param name="Z" type="float"/>
						</accessor>
					</technique_common>
				</source>
				<source id="prim8-normals">
					<float_array id="prim8-normals-array" count="12">-1.52551e-005 -0.999756 -1.52551e-005 -1.52551e-005 -0.999756 -1.52551e-005 -1.52551e-005 -0.999756 -1.52551e-005 -1.52551e-005 -0.999756 -1.52551e-005</float_array>
					<technique_common>
						<accessor count="4" source="#prim8-normals-array" stride="3">
							<param name="X" type="float"/>
							<param name="Y" type="float"/>
							<param name="Z" type="float"/>
						</accessor>
					</technique_common>
				</source>
				<source id="prim8-map0">
					<float_array id="prim8-map0-array" count="8">1 1 0 0 1 0 0 1</float_array>
					<technique_common>
						<accessor count="4" source="#prim8-map0-array" stride="2">
							<param name="S" type="float"/>
							<param name="T" type="float"/>
						</accessor>
					</technique_common>
				</source>
				<vertices id="prim8-vertices">
					<input semantic="POSITION" source="#prim8-positions"/>
				</vertices>
				<polylist count="2" material="Material1-material">
					<input offset="0" semantic="VERTEX" source="#prim8-vertices" set="0"/>
					<input offset="0" semantic="NORMAL" source="#prim8-normals" set="0"/>
					<input offset="0" semantic="TEXCOORD" source="#prim8-map0" set="0"/>
					<vcount>3 3</vcount>
					<p>0 1 2 0 3 1</p>
				</polylist>
			</mesh>
		</geometry>
		<geometry id="prim9-mesh">
			<mesh>
				<source id="prim9-positions">
					<float_array id="prim9-positions-array" count="12">0.5 0 0.5 -0.5 0 -0.5 0.5 0 -0.5 -0.5 0 0.5</float_array>
					<technique_common>
						<accessor count="4" source="#prim9-positions-array" stride="3">
							<param name="X" type="float"/>
							<param name="Y" type="float"/>
							<param name="Z" type="float"/>
						</accessor>
					</technique_common>
				</source>
				<source id="prim9-normals">
					<float_array id="prim9-normals-array" count="12">-1.52551e-005 -0.999756 -1.52551e-005 -1.52551e-005 -0.999756 -1.52551e-005 -1.52551e-005 -0.999756 -1.52551e-005 -1.52551e-005 -0.999756 -1.52551e-005</float_array>
					<technique_common>
						<accessor count="4" source="#prim9-normals-array" stride="3">
							<param name="X" type="float"/>
							<param name="Y" type="float"/>
							<param name="Z" type="float"/>
						</accessor>
					</technique_common>
				</source>
				<source id="prim9-map0">
					<float_array id="prim9-map0-array" count="8">1 1 0 0 1 0 0 1</float_array>
					<technique_common>
						<accessor count="4" source="#prim9-map0-array" stride="2">
							<param name="S" type="float"/>
							<param name="T" type="float"/>
						</accessor>
					</technique_common>
				</source>
				<vertices id="prim9-vertices">
					<input semantic="POSITION" source="#prim9-positions"/>
				</vertices>
				<polylist count="2" material="Material4-material">
					<input offset="0" semantic="VERTEX" source="#prim9-vertices" set="0"/>
					<input offset="0" semantic="NORMAL" source="#prim9-normals" set="0"/>
					<input offset="0" semantic="TEXCOORD" source="#prim9-map0" set="0"/>
					<vcount>3 3</vcount>
					<p>0 1 2 0 3 1</p>
				</polylist>
			</mesh>
		</geometry>
		<geometry id="prim10-mesh">
			<mesh>
				<source id="prim10-positions">
					<float_array id="prim10-positions-array" count="12">0.5 0 0.5 -0.5 0 -0.5 0.5 0 -0.5 -0.5 0 0.5</float_array>
					<technique_common>
						<accessor count="4" source="#prim10-positions-array" stride="3">
							<param name="X" type="float"/>
							<param name="Y" type="float"/>
							<param name="Z" type="float"/>
						</accessor>
					</technique_common>
				</source>
				<source id="prim10-normals">
					<float_array id="prim10-normals-array" count="12">-1.52551e-005 -0.999756 -1.52551e-005 -1.52551e-005 -0.999756 -1.52551e-005 -1.52551e-005 -0.999756 -1.52551e-005 -1.52551e-005 -0.999756 -1.52551e-005</float_array>
					<technique_common>
						<accessor count="4" source="#prim10-normals-array" stride="3">
							<param name="X" type="float"/>
							<param name="Y" type="float"/>
							<param name="Z" type="float"/>
						</accessor>
					</technique_common>
				</source>
				<source id="prim10-map0">
					<float_array id="prim10-map0-array" count="8">1 1 0 0 1 0 0 1</float_array>
					<technique_common>
						<accessor count="4" source="#prim10-map0-array" stride="2">
							<param name="S" type="float"/>
							<param name="T" type="float"/>
						</accessor>
					</technique_common>
				</source>
				<vertices id="prim10-vertices">
					<input semantic="POSITION" source="#prim10-positions"/>
				</vertices>
				<polylist count="2" material="Material4-material">
					<input offset="0" semantic="VERTEX" source="#prim10-vertices" set="0"/>
					<input offset="0" semantic="NORMAL" source="#prim10-normals" set="0"/>
					<input offset="0" semantic="TEXCOORD" source="#prim10-map0" set="0"/>
					<vcount>3 3</vcount>
					<p>0 1 2 0 3 1</p>
				</polylist>
			</mesh>
		</geometry>
		<geometry id="prim11-mesh">
			<mesh>
				<source id="prim11-positions">
					<float_array id="prim11-positions-array" count="12">0.5 0 0.5 -0.5 0 -0.5 0.5 0 -0.5 -0.5 0 0.5</float_array>
					<technique_common>
						<accessor count="4" source="#prim11-positions-array" stride="3">
							<param name="X" type="float"/>
							<param name="Y" type="float"/>
							<param name="Z" type="float"/>
						</accessor>
					</technique_common>
				</source>
				<source id="prim11-normals">
					<float_array id="prim11-normals-array" count="12">-1.52551e-005 -0.999756 -1.52551e-005 -1.52551e-005 -0.999756 -1.52551e-005 -1.52551e-005 -0.999756 -1.52551e-005 -1.52551e-005 -0.999756 -1.52551e-005</float_array>
					<technique_common>
						<accessor count="4" source="#prim11-normals-array" stride="3">
							<param name="X" type="float"/>
							<param name="Y" type="float"/>
							<param name="Z" type="float"/>
						</accessor>
					</technique_common>
				</source>
				<source id="prim11-map0">
					<float_array id="prim11-map0-array" count="8">1 1 0 0 1 0 0 1</float_array>
					<technique_common>
						<accessor count="4" source="#prim11-map0-array" stride="2">
							<param name="S" type="float"/>
							<param name="T" type="float"/>
						</accessor>
					</technique_common>
				</source>
				<vertices id="prim11-vertices">
					<input semantic="POSITION" source="#prim11-positions"/>
				</vertices>
				<polylist count="2" material="Material0-material">
					<input offset="0" semantic="VERTEX" source="#prim11-vertices" set="0"/>
					<input offset="0" semantic="NORMAL" source="#prim11-normals" set="0"/>
					<input offset="0" semantic="TEXCOORD" source="#prim11-map0" set="0"/>
					<vcount>3 3</vcount>
					<p>0 1 2 0 3 1</p>
				</polylist>
			</mesh>
		</geometry>
		<geometry id="prim12-mesh">
			<mesh>
				<source id="prim12-positions">
					<float_array id="prim12-positions-array" count="12">0.5 0 0.5 -0.5 0 -0.5 0.5 0 -0.5 -0.5 0 0.5</float_array>
					<technique_common>
						<accessor count="4" source="#prim12-positions-array" stride="3">
							<param name="X" type="float"/>
							<param name="Y" type="float"/>
							<param name="Z" type="float"/>
						</accessor>
					</technique_common>
				</source>
				<source id="prim12-normals">
					<float_array id="prim12-normals-array" count="12">-1.52551e-005 -0.999756 -1.52551e-005 -1.52551e-005 -0.999756 -1.52551e-005 -1.52551e-005 -0.999756 -1.52551e-005 -1.52551e-005 -0.999756 -1.52551e-005</float_array>
					<technique_common>
						<accessor count="4" source="#prim12-normals-array" stride="3">
							<param name="X" type="float"/>
							<param name="Y" type="float"/>
							<param name="Z" type="float"/>
						</accessor>
					</technique_common>
				</source>
				<source id="prim12-map0">
					<float_array id="prim12-map0-array" count="8">1 1 0 0 1 0 0 1</float_array>
					<technique_common>
						<accessor count="4" source="#prim12-map0-array" stride="2">
							<param name="S" type="float"/>
							<param name="T" type="float"/>
						</accessor>
					</technique_common>
				</source>
				<vertices id="prim12-vertices">
					<input semantic="POSITION" source="#prim12-positions"/>
				</vertices>
				<polylist count="2" material="Material0-material">
					<input offset="0" semantic="VERTEX" source="#prim12-vertices" set="0"/>
					<input offset="0" semantic="NORMAL" source="#prim12-normals" set="0"/>
					<input offset="0" semantic="TEXCOORD" source="#prim12-map0" set="0"/>
					<vcount>3 3</vcount>
					<p>0 1 2 0 3 1</p>
				</polylist>
			</mesh>
		</geometry>
		<geometry id="prim13-mesh">
			<mesh>
				<source id="prim13-positions">
					<float_array id="prim13-positions-array" count="12">0.5 0 0.5 -0.5 0 -0.5 0.5 0 -0.5 -0.5 0 0.5</float_array>
					<technique_common>
						<accessor count="4" source="#prim13-positions-array" stride="3">
							<param name="X" type="float"/>
							<param name="Y" type="float"/>
							<param name="Z" type="float"/>
						</accessor>
					</technique_common>
				</source>
				<source id="prim13-normals">
					<float_array id="prim13-normals-array" count="12">-1.52551e-005 -0.999756 -1.52551e-005 -1.52551e-005 -0.999756 -1.52551e-005 -1.52551e-005 -0.999756 -1.52551e-005 -1.52551e-005 -0.999756 -1.52551e-005</float_array>
					<technique_common>
						<accessor count="4" source="#prim13-normals-array" stride="3">
							<param name="X" type="float"/>
							<param name="Y" type="float"/>
							<param name="Z" type="float"/>
						</accessor>
					</technique_common>
				</source>
				<source id="prim13-map0">
					<float_array id="prim13-map0-array" count="8">1 1 0 0 1 0 0 1</float_array>
					<technique_common>
						<accessor count="4" source="#prim13-map0-array" stride="2">
							<param name="S" type="float"/>
							<param name="T" type="float"/>
						</accessor>
					</technique_common>
				</source>
				<vertices id="prim13-vertices">
					<input semantic="POSITION" source="#prim13-positions"/>
				</vertices>
				<polylist count="2" material="Material5-material">
					<input offset="0" semantic="VERTEX" source="#prim13-vertices" set="0"/>
					<input offset="0" semantic="NORMAL" source="#prim13-normals" set="0"/>
					<input offset="0" semantic="TEXCOORD" source="#prim13-map0" set="0"/>
					<vcount>3 3</vcount>
					<p>0 1 2 0 3 1</p>
				</polylist>
			</mesh>
		</geometry>
		<geometry id="prim14-mesh">
			<mesh>
				<source id="prim14-positions">
					<float_array id="prim14-positions-array" count="12">0.5 0 0.5 -0.5 0 -0.5 0.5 0 -0.5 -0.5 0 0.5</float_array>
					<technique_common>
						<accessor count="4" source="#prim14-positions-array" stride="3">
							<param name="X" type="float"/>
							<param name="Y" type="float"/>
							<param name="Z" type="float"/>
						</accessor>
					</technique_common>
				</source>
				<source id="prim14-normals">
					<float_array id="prim14-normals-array" count="12">-1.52551e-005 -0.999756 -1.52551e-005 -1.52551e-005 -0.999756 -1.52551e-005 -1.52551e-005 -0.999756 -1.52551e-005 -1.52551e-005 -0.999756 -1.52551e-005</float_array>
					<technique_common>
						<accessor count="4" source="#prim14-normals-array" stride="3">
							<param name="X" type="float"/>
							<param name="Y" type="float"/>
							<param name="Z" type="float"/>
						</accessor>
					</technique_common>
				</source>
				<source id="prim14-map0">
					<float_array id="prim14-map0-array" count="8">1 1 0 0 1 0 0 1</float_array>
					<technique_common>
						<accessor count="4" source="#prim14-map0-array" stride="2">
							<param name="S" type="float"/>
							<param name="T" type="float"/>
						</accessor>
					</technique_common>
				</source>
				<vertices id="prim14-vertices">
					<input semantic="POSITION" source="#prim14-positions"/>
				</vertices>
				<polylist count="2" material="Material6-material">
					<input offset="0" semantic="VERTEX" source="#prim14-vertices" set="0"/>
					<input offset="0" semantic="NORMAL" source="#prim14-normals" set="0"/>
					<input offset="0" semantic="TEXCOORD" source="#prim14-map0" set="0"/>
					<vcount>3 3</vcount>
					<p>0 1 2 0 3 1</p>
				</polylist>
			</mesh>
		</geometry>
		<geometry id="prim15-mesh">
			<mesh>
				<source id="prim15-positions">
					<float_array id="prim15-positions-array" count="12">0.5 0 0.5 -0.5 0 -0.5 0.5 0 -0.5 -0.5 0 0.5</float_array>
					<technique_common>
						<accessor count="4" source="#prim15-positions-array" stride="3">
							<param name="X" type="float"/>
							<param name="Y" type="float"/>
							<param name="Z" type="float"/>
						</accessor>
					</technique_common>
				</source>
				<source id="prim15-normals">
					<float_array id="prim15-normals-array" count="12">-1.52551e-005 -0.999756 -1.52551e-005 -1.52551e-005 -0.999756 -1.52551e-005 -1.52551e-005 -0.999756 -1.52551e-005 -1.52551e-005 -0.999756 -1.52551e-005</float_array>
					<technique_common>
						<accessor count="4" source="#prim15-normals-array" stride="3">
							<param name="X" type="float"/>
							<param name="Y" type="float"/>
							<param name="Z" type="float"/>
						</accessor>
					</technique_common>
				</source>
				<source id="prim15-map0">
					<float_array id="prim15-map0-array" count="8">1 1 0 0 1 0 0 1</float_array>
					<technique_common>
						<accessor count="4" source="#prim15-map0-array" stride="2">
							<param name="S" type="float"/>
							<param name="T" type="float"/>
						</accessor>
					</technique_common>
				</source>
				<vertices id="prim15-vertices">
					<input semantic="POSITION" source="#prim15-positions"/>
				</vertices>
				<polylist count="2" material="Material5-material">
					<input offset="0" semantic="VERTEX" source="#prim15-vertices" set="0"/>
					<input offset="0" semantic="NORMAL" source="#prim15-normals" set="0"/>
					<input offset="0" semantic="TEXCOORD" source="#prim15-map0" set="0"/>
					<vcount>3 3</vcount>
					<p>0 1 2 0 3 1</p>
				</polylist>
			</mesh>
		</geometry>
		<geometry id="prim16-mesh">
			<mesh>
				<source id="prim16-positions">
					<float_array id="prim16-positions-array" count="12">0.5 0 0.5 -0.5 0 -0.5 0.5 0 -0.5 -0.5 0 0.5</float_array>
					<technique_common>
						<accessor count="4" source="#prim16-positions-array" stride="3">
							<param name="X" type="float"/>
							<param name="Y" type="float"/>
							<param name="Z" type="float"/>
						</accessor>
					</technique_common>
				</source>
				<source id="prim16-normals">
					<float_array id="prim16-normals-array" count="12">-1.52551e-005 -0.999756 -1.52551e-005 -1.52551e-005 -0.999756 -1.52551e-005 -1.52551e-005 -0.999756 -1.52551e-005 -1.52551e-005 -0.999756 -1.52551e-005</float_array>
					<technique_common>
						<accessor count="4" source="#prim16-normals-array" stride="3">
							<param name="X" type="float"/>
							<param name="Y" type="float"/>
							<param name="Z" type="float"/>
						</accessor>
					</technique_common>
				</source>
				<source id="prim16-map0">
					<float_array id="prim16-map0-array" count="8">1 1 0 0 1 0 0 1</float_array>
					<technique_common>
						<accessor count="4" source="#prim16-map0-array" stride="2">
							<param name="S" type="float"/>
							<param name="T" type="float"/>
						</accessor>
					</technique_common>
				</source>
				<vertices id="prim16-vertices">
					<input semantic="POSITION" source="#prim16-positions"/>
				</vertices>
				<polylist count="2" material="Material2-material">
					<input offset="0" semantic="VERTEX" source="#prim16-vertices" set="0"/>
					<input offset="0" semantic="NORMAL" source="#prim16-normals" set="0"/>
					<input offset="0" semantic="TEXCOORD" source="#prim16-map0" set="0"/>
					<vcount>3 3</vcount>
					<p>0 1 2 0 3 1</p>
				</polylist>
			</mesh>
		</geometry>
		<geometry id="prim17-mesh">
			<mesh>
				<source id="prim17-positions">
					<float_array id="prim17-positions-array" count="12">0.5 0 0.5 -0.5 0 -0.5 0.5 0 -0.5 -0.5 0 0.5</float_array>
					<technique_common>
						<accessor count="4" source="#prim17-positions-array" stride="3">
							<param name="X" type="float"/>
							<param name="Y" type="float"/>
							<param name="Z" type="float"/>
						</accessor>
					</technique_common>
				</source>
				<source id="prim17-normals">
					<float_array id="prim17-normals-array" count="12">-1.52551e-005 -0.999756 -1.52551e-005 -1.52551e-005 -0.999756 -1.52551e-005 -1.52551e-005 -0.999756 -1.52551e-005 -1.52551e-005 -0.999756 -1.52551e-005</float_array>
					<technique_common>
						<accessor count="4" source="#prim17-normals-array" stride="3">
							<param name="X" type="float"/>
							<param name="Y" type="float"/>
							<param name="Z" type="float"/>
						</accessor>
					</technique_common>
				</source>
				<source id="prim17-map0">
					<float_array id="prim17-map0-array" count="8">1 1 0 0 1 0 0 1</float_array>
					<technique_common>
						<accessor count="4" source="#prim17-map0-array" stride="2">
							<param name="S" type="float"/>
							<param name="T" type="float"/>
						</accessor>
					</technique_common>
				</source>
				<vertices id="prim17-vertices">
					<input semantic="POSITION" source="#prim17-positions"/>
				</vertices>
				<polylist count="2" material="Material0-material">
					<input offset="0" semantic="VERTEX" source="#prim17-vertices" set="0"/>
					<input offset="0" semantic="NORMAL" source="#prim17-normals" set="0"/>
					<input offset="0" semantic="TEXCOORD" source="#prim17-map0" set="0"/>
					<vcount>3 3</vcount>
					<p>0 1 2 0 3 1</p>
				</polylist>
			</mesh>
		</geometry>
		<geometry id="prim18-mesh">
			<mesh>
				<source id="prim18-positions">
					<float_array id="prim18-positions-array" count="12">0.5 0 0.5 -0.5 0 -0.5 0.5 0 -0.5 -0.5 0 0.5</float_array>
					<technique_common>
						<accessor count="4" source="#prim18-positions-array" stride="3">
							<param name="X" type="float"/>
							<param name="Y" type="float"/>
							<param name="Z" type="float"/>
						</accessor>
					</technique_common>
				</source>
				<source id="prim18-normals">
					<float_array id="prim18-normals-array" count="12">-1.52551e-005 -0.999756 -1.52551e-005 -1.52551e-005 -0.999756 -1.52551e-005 -1.52551e-005 -0.999756 -1.52551e-005 -1.52551e-005 -0.999756 -1.52551e-005</float_array>
					<technique_common>
						<accessor count="4" source="#prim18-normals-array" stride="3">
							<param name="X" type="float"/>
							<param name="Y" type="float"/>
							<param name="Z" type="float"/>
						</accessor>
					</technique_common>
				</source>
				<source id="prim18-map0">
					<float_array id="prim18-map0-array" count="8">1 1 0 0 1 0 0 1</float_array>
					<technique_common>
						<accessor count="4" source="#prim18-map0-array" stride="2">
							<param name="S" type="float"/>
							<param name="T" type="float"/>
						</accessor>
					</technique_common>
				</source>
				<vertices id="prim18-vertices">
					<input semantic="POSITION" source="#prim18-positions"/>
				</vertices>
				<polylist count="2" material="Material2-material">
					<input offset="0" semantic="VERTEX" source="#prim18-vertices" set="0"/>
					<input offset="0" semantic="NORMAL" source="#prim18-normals" set="0"/>
					<input offset="0" semantic="TEXCOORD" source="#prim18-map0" set="0"/>
					<vcount>3 3</vcount>
					<p>0 1 2 0 3 1</p>
				</polylist>
			</mesh>
		</geometry>
		<geometry id="prim19-mesh">
			<mesh>
				<source id="prim19-positions">
					<float_array id="prim19-positions-array" count="12">0.5 0 0.5 -0.5 0 -0.5 0.5 0 -0.5 -0.5 0 0.5</float_array>
					<technique_common>
						<accessor count="4" source="#prim19-positions-array" stride="3">
							<param name="X" type="float"/>
							<param name="Y" type="float"/>
							<param name="Z" type="float"/>
						</accessor>
					</technique_common>
				</source>
				<source id="prim19-normals">
					<float_array id="prim19-normals-array" count="12">-1.52551e-005 -0.999756 -1.52551e-005 -1.52551e-005 -0.999756 -1.52551e-005 -1.52551e-005 -0.999756 -1.52551e-005 -1.52551e-005 -0.999756 -1.52551e-005</float_array>
					<technique_common>
						<accessor count="4" source="#prim19-normals-array" stride="3">
							<param name="X" type="float"/>
							<param name="Y" type="float"/>
							<param name="Z" type="float"/>
						</accessor>
					</technique_common>
				</source>
				<source id="prim19-map0">
					<float_array id="prim19-map0-array" count="8">1 1 0 0 1 0 0 1</float_array>
					<technique_common>
						<accessor count="4" source="#prim19-map0-array" stride="2">
							<param name="S" type="float"/>
							<param name="T" type="float"/>
						</accessor>
					</technique_common>
				</source>
				<vertices id="prim19-vertices">
					<input semantic="POSITION" source="#prim19-positions"/>
				</vertices>
				<polylist count="2" material="Material5-material">
					<input offset="0" semantic="VERTEX" source="#prim19-vertices" set="0"/>
					<input offset="0" semantic="NORMAL" source="#prim19-normals" set="0"/>
					<input offset="0" semantic="TEXCOORD" source="#prim19-map0" set="0"/>
					<vcount>3 3</vcount>
					<p>0 1 2 0 3 1</p>
				</polylist>
			</mesh>
		</geometry>
		<geometry id="prim20-mesh">
			<mesh>
				<source id="prim20-positions">
					<float_array id="prim20-positions-array" count="12">0.5 0 0.5 -0.5 0 -0.5 0.5 0 -0.5 -0.5 0 0.5</float_array>
					<technique_common>
						<accessor count="4" source="#prim20-positions-array" stride="3">
							<param name="X" type="float"/>
							<param name="Y" type="float"/>
							<param name="Z" type="float"/>
						</accessor>
					</technique_common>
				</source>
				<source id="prim20-normals">
					<float_array id="prim20-normals-array" count="12">-1.52551e-005 -0.999756 -1.52551e-005 -1.52551e-005 -0.999756 -1.52551e-005 -1.52551e-005 -0.999756 -1.52551e-005 -1.52551e-005 -0.999756 -1.52551e-005</float_array>
					<technique_common>
						<accessor count="4" source="#prim20-normals-array" stride="3">
							<param name="X" type="float"/>
							<param name="Y" type="float"/>
							<param name="Z" type="float"/>
						</accessor>
					</technique_common>
				</source>
				<source id="prim20-map0">
					<float_array id="prim20-map0-array" count="8">1 1 0 0 1 0 0 1</float_array>
					<technique_common>
						<accessor count="4" source="#prim20-map0-array" stride="2">
							<param name="S" type="float"/>
							<param name="T" type="float"/>
						</accessor>
					</technique_common>
				</source>
				<vertices id="prim20-vertices">
					<input semantic="POSITION" source="#prim20-positions"/>
				</vertices>
				<polylist count="2" material="Material1-material">
					<input offset="0" semantic="VERTEX" source="#prim20-vertices" set="0"/>
					<input offset="0" semantic="NORMAL" source="#prim20-normals" set="0"/>
					<input offset="0" semantic="TEXCOORD" source="#prim20-map0" set="0"/>
					<vcount>3 3</vcount>
					<p>0 1 2 0 3 1</p>
				</polylist>
			</mesh>
		</geometry>
		<geometry id="prim21-mesh">
			<mesh>
				<source id="prim21-positions">
					<float_array id="prim21-positions-array" count="12">0.5 0 0.5 -0.5 0 -0.5 0.5 0 -0.5 -0.5 0 0.5</float_array>
					<technique_common>
						<accessor count="4" source="#prim21-positions-array" stride="3">
							<param name="X" type="float"/>
							<param name="Y" type="float"/>
							<param name="Z" type="float"/>
						</accessor>
					</technique_common>
				</source>
				<source id="prim21-normals">
